
Matrices A, B: 


: 

[15 -11 -12 12]
[-15 -2 15 -15]
[12 14 -12 -6]
[-1 -8 16 -13]

: 

[0 15 14 9]
[-3 -7 -12 -4]
[10 10 -16 15]
[-13 -3 9 3]

 Shifting step: 1

A: 

[15 -11 -12 12]
[-2 15 -15 -15]
[-12 -6 12 14]
[-13 -1 -8 16]

B: 

[0 -7 -16 3]
[-3 10 9 9]
[10 -3 14 -4]
[-13 15 -12 15]

C: 

[0 77 192 36]
[6 150 -135 -135]
[-120 18 168 -56]
[169 -15 96 240]

 Shifting step: 2

A: 

[-11 -12 12 15]
[15 -15 -15 -2]
[-6 12 14 -12]
[-1 -8 16 -13]

B: 

[-3 10 9 9]
[10 -3 14 -4]
[-13 15 -12 15]
[0 -7 -16 3]

C: 

[33 -43 300 171]
[156 195 -345 -127]
[-42 198 0 -236]
[169 41 -160 201]

 Shifting step: 3

A: 

[-12 12 15 -11]
[-15 -15 -2 15]
[12 14 -12 -6]
[-8 16 -13 -1]

B: 

[10 -3 14 -4]
[-13 15 -12 15]
[0 -7 -16 3]
[-3 10 9 9]

C: 

[-87 -79 510 215]
[351 -30 -321 98]
[-42 100 192 -254]
[193 201 -277 192]

 Shifting step: 4

A: 

[12 15 -11 -12]
[-15 -2 15 -15]
[14 -12 -6 12]
[16 -13 -1 -8]

B: 

[-13 15 -12 15]
[0 -7 -16 3]
[-3 10 9 9]
[10 -3 14 -4]

C: 

[-243 146 642 35]
[351 -16 -561 53]
[-84 -20 138 -146]
[353 240 -291 224]

Matrices A, B: 


: 

[-14 10 -11 2 7 -21]
[30 5 33 -34 12 35]
[25 4 21 26 -26 -6]
[16 36 -7 0 13 -11]
[-17 17 3 -3 -34 -6]
[2 -1 -10 9 -14 14]

: 

[-9 2 -16 0 -32 -9]
[-21 -6 10 -12 10 18]
[-9 1 9 35 -21 34]
[2 28 -5 30 -1 -29]
[-1 20 -1 27 -29 -1]
[-6 -36 -25 -16 -7 -33]

 Shifting step: 1

A: 

[-14 10 -11 2 7 -21]
[5 33 -34 12 35 30]
[21 26 -26 -6 25 4]
[0 13 -11 16 36 -7]
[-34 -6 -17 17 3 -3]
[14 2 -1 -10 9 -14]

B: 

[-9 -6 9 30 -29 -33]
[-21 1 -5 27 -7 -9]
[-9 28 -1 -16 -32 18]
[2 20 -25 0 10 34]
[-1 -36 -16 -12 -21 -29]
[-6 2 10 35 -1 -1]

C: 

[126 -60 -99 60 -203 693]
[-105 33 170 324 -245 -270]
[-189 728 26 96 -800 72]
[0 260 275 0 360 -238]
[34 216 272 -204 -63 87]
[-84 4 -10 -350 -9 14]

 Shifting step: 2

A: 

[10 -11 2 7 -21 -14]
[33 -34 12 35 30 5]
[26 -26 -6 25 4 21]
[13 -11 16 36 -7 0]
[-6 -17 17 3 -3 -34]
[2 -1 -10 9 -14 14]

B: 

[-21 1 -5 27 -7 -9]
[-9 28 -1 -16 -32 18]
[2 20 -25 0 10 34]
[-1 -36 -16 -12 -21 -29]
[-6 2 10 35 -1 -1]
[-9 -6 9 30 -29 -33]

C: 

[-84 -71 -109 249 -56 819]
[-402 -919 158 -236 -1205 -180]
[-137 208 176 96 -760 786]
[-13 656 19 -432 507 -238]
[70 182 442 -99 -60 121]
[-102 10 -100 -80 397 -448]

 Shifting step: 3

A: 

[-11 2 7 -21 -14 10]
[-34 12 35 30 5 33]
[-26 -6 25 4 21 26]
[-11 16 36 -7 0 13]
[-17 17 3 -3 -34 -6]
[-1 -10 9 -14 14 2]

B: 

[-9 28 -1 -16 -32 18]
[2 20 -25 0 10 34]
[-1 -36 -16 -12 -21 -29]
[-6 2 10 35 -1 -1]
[-9 -6 9 30 -29 -33]
[-21 1 -5 27 -7 -9]

C: 

[15 -15 -116 585 392 999]
[-470 -679 -717 -236 -1155 942]
[-111 424 -224 48 -1201 32]
[53 688 379 -677 507 -251]
[223 80 469 -189 926 319]
[-81 0 -145 -458 299 -466]

 Shifting step: 4

A: 

[2 7 -21 -14 10 -11]
[12 35 30 5 33 -34]
[-6 25 4 21 26 -26]
[16 36 -7 0 13 -11]
[17 3 -3 -34 -6 -17]
[-10 9 -14 14 2 -1]

B: 

[2 20 -25 0 10 34]
[-1 -36 -16 -12 -21 -29]
[-6 2 10 35 -1 -1]
[-9 -6 9 30 -29 -33]
[-21 1 -5 27 -7 -9]
[-9 28 -1 -16 -32 18]

C: 

[19 125 409 585 492 625]
[-482 -1939 -1197 -296 -1848 1928]
[-75 474 -184 783 -1227 58]
[-91 472 316 -677 130 112]
[-134 83 484 -1107 968 472]
[9 252 -131 -682 235 -484]

 Shifting step: 5

A: 

[7 -21 -14 10 -11 2]
[35 30 5 33 -34 12]
[25 4 21 26 -26 -6]
[36 -7 0 13 -11 16]
[3 -3 -34 -6 -17 17]
[9 -14 14 2 -1 -10]

B: 

[-1 -36 -16 -12 -21 -29]
[-6 2 10 35 -1 -1]
[-9 -6 9 30 -29 -33]
[-21 1 -5 27 -7 -9]
[-9 28 -1 -16 -32 18]
[2 20 -25 0 10 34]

C: 

[12 881 633 465 723 567]
[-692 -1879 -1147 859 -1814 1916]
[-300 450 5 1563 -473 256]
[-847 465 316 -326 207 -32]
[-161 -1 518 -1011 1512 778]
[27 -28 -481 -682 225 -824]

 Shifting step: 6

A: 

[-21 -14 10 -11 2 7]
[30 5 33 -34 12 35]
[4 21 26 -26 -6 25]
[-7 0 13 -11 16 36]
[-3 -34 -6 -17 17 3]
[-14 14 2 -1 -10 9]

B: 

[-6 2 10 35 -1 -1]
[-9 -6 9 30 -29 -33]
[-21 1 -5 27 -7 -9]
[-9 28 -1 -16 -32 18]
[2 20 -25 0 10 34]
[-1 -36 -16 -12 -21 -29]

C: 

[138 853 733 80 721 560]
[-962 -1909 -850 -161 -2162 761]
[-384 471 -125 861 -431 31]
[-784 465 303 -150 -305 616]
[-167 -681 668 -1011 1682 880]
[41 -532 -513 -670 435 -1085]

Matrices A, B: 


: 

[-14 10 -11 2 7 -21]
[30 5 33 -34 12 35]
[25 4 21 26 -26 -6]
[16 36 -7 0 13 -11]
[-17 17 3 -3 -34 -6]
[2 -1 -10 9 -14 14]

: 

[-9 2 -16 0 -32 -9]
[-21 -6 10 -12 10 18]
[-9 1 9 35 -21 34]
[2 28 -5 30 -1 -29]
[-1 20 -1 27 -29 -1]
[-6 -36 -25 -16 -7 -33]

 Shifting step: 1

A: 

[-14 10 -11 2 7 -21]
[5 33 -34 12 35 30]
[21 26 -26 -6 25 4]
[0 13 -11 16 36 -7]
[-34 -6 -17 17 3 -3]
[14 2 -1 -10 9 -14]

B: 

[-9 -6 9 30 -29 -33]
[-21 1 -5 27 -7 -9]
[-9 28 -1 -16 -32 18]
[2 20 -25 0 10 34]
[-1 -36 -16 -12 -21 -29]
[-6 2 10 35 -1 -1]

C: 

[126 -60 -99 60 -203 693]
[-105 33 170 324 -245 -270]
[-189 728 26 96 -800 72]
[0 260 275 0 360 -238]
[34 216 272 -204 -63 87]
[-84 4 -10 -350 -9 14]

 Shifting step: 2

A: 

[10 -11 2 7 -21 -14]
[33 -34 12 35 30 5]
[26 -26 -6 25 4 21]
[13 -11 16 36 -7 0]
[-6 -17 17 3 -3 -34]
[2 -1 -10 9 -14 14]

B: 

[-21 1 -5 27 -7 -9]
[-9 28 -1 -16 -32 18]
[2 20 -25 0 10 34]
[-1 -36 -16 -12 -21 -29]
[-6 2 10 35 -1 -1]
[-9 -6 9 30 -29 -33]

C: 

[-84 -71 -109 249 -56 819]
[-402 -919 158 -236 -1205 -180]
[-137 208 176 96 -760 786]
[-13 656 19 -432 507 -238]
[70 182 442 -99 -60 121]
[-102 10 -100 -80 397 -448]

 Shifting step: 3

A: 

[-11 2 7 -21 -14 10]
[-34 12 35 30 5 33]
[-26 -6 25 4 21 26]
[-11 16 36 -7 0 13]
[-17 17 3 -3 -34 -6]
[-1 -10 9 -14 14 2]

B: 

[-9 28 -1 -16 -32 18]
[2 20 -25 0 10 34]
[-1 -36 -16 -12 -21 -29]
[-6 2 10 35 -1 -1]
[-9 -6 9 30 -29 -33]
[-21 1 -5 27 -7 -9]

C: 

[15 -15 -116 585 392 999]
[-470 -679 -717 -236 -1155 942]
[-111 424 -224 48 -1201 32]
[53 688 379 -677 507 -251]
[223 80 469 -189 926 319]
[-81 0 -145 -458 299 -466]

 Shifting step: 4

A: 

[2 7 -21 -14 10 -11]
[12 35 30 5 33 -34]
[-6 25 4 21 26 -26]
[16 36 -7 0 13 -11]
[17 3 -3 -34 -6 -17]
[-10 9 -14 14 2 -1]

B: 

[2 20 -25 0 10 34]
[-1 -36 -16 -12 -21 -29]
[-6 2 10 35 -1 -1]
[-9 -6 9 30 -29 -33]
[-21 1 -5 27 -7 -9]
[-9 28 -1 -16 -32 18]

C: 

[19 125 409 585 492 625]
[-482 -1939 -1197 -296 -1848 1928]
[-75 474 -184 783 -1227 58]
[-91 472 316 -677 130 112]
[-134 83 484 -1107 968 472]
[9 252 -131 -682 235 -484]

 Shifting step: 5

A: 

[7 -21 -14 10 -11 2]
[35 30 5 33 -34 12]
[25 4 21 26 -26 -6]
[36 -7 0 13 -11 16]
[3 -3 -34 -6 -17 17]
[9 -14 14 2 -1 -10]

B: 

[-1 -36 -16 -12 -21 -29]
[-6 2 10 35 -1 -1]
[-9 -6 9 30 -29 -33]
[-21 1 -5 27 -7 -9]
[-9 28 -1 -16 -32 18]
[2 20 -25 0 10 34]

C: 

[12 881 633 465 723 567]
[-692 -1879 -1147 859 -1814 1916]
[-300 450 5 1563 -473 256]
[-847 465 316 -326 207 -32]
[-161 -1 518 -1011 1512 778]
[27 -28 -481 -682 225 -824]

 Shifting step: 6

A: 

[-21 -14 10 -11 2 7]
[30 5 33 -34 12 35]
[4 21 26 -26 -6 25]
[-7 0 13 -11 16 36]
[-3 -34 -6 -17 17 3]
[-14 14 2 -1 -10 9]

B: 

[-6 2 10 35 -1 -1]
[-9 -6 9 30 -29 -33]
[-21 1 -5 27 -7 -9]
[-9 28 -1 -16 -32 18]
[2 20 -25 0 10 34]
[-1 -36 -16 -12 -21 -29]

C: 

[138 853 733 80 721 560]
[-962 -1909 -850 -161 -2162 761]
[-384 471 -125 861 -431 31]
[-784 465 303 -150 -305 616]
[-167 -681 668 -1011 1682 880]
[41 -532 -513 -670 435 -1085]

Matrices A, B: 


: 

[-14 10 -11 2 7 -21]
[30 5 33 -34 12 35]
[25 4 21 26 -26 -6]
[16 36 -7 0 13 -11]
[-17 17 3 -3 -34 -6]
[2 -1 -10 9 -14 14]

: 

[-9 2 -16 0 -32 -9]
[-21 -6 10 -12 10 18]
[-9 1 9 35 -21 34]
[2 28 -5 30 -1 -29]
[-1 20 -1 27 -29 -1]
[-6 -36 -25 -16 -7 -33]

 Shifting step: 1

A: 

[-14 10 -11 2 7 -21]
[5 33 -34 12 35 30]
[21 26 -26 -6 25 4]
[0 13 -11 16 36 -7]
[-34 -6 -17 17 3 -3]
[14 2 -1 -10 9 -14]

B: 

[-9 -6 9 30 -29 -33]
[-21 1 -5 27 -7 -9]
[-9 28 -1 -16 -32 18]
[2 20 -25 0 10 34]
[-1 -36 -16 -12 -21 -29]
[-6 2 10 35 -1 -1]

C: 

[126 -60 -99 60 -203 693]
[-105 33 170 324 -245 -270]
[-189 728 26 96 -800 72]
[0 260 275 0 360 -238]
[34 216 272 -204 -63 87]
[-84 4 -10 -350 -9 14]

 Shifting step: 2

A: 

[10 -11 2 7 -21 -14]
[33 -34 12 35 30 5]
[26 -26 -6 25 4 21]
[13 -11 16 36 -7 0]
[-6 -17 17 3 -3 -34]
[2 -1 -10 9 -14 14]

B: 

[-21 1 -5 27 -7 -9]
[-9 28 -1 -16 -32 18]
[2 20 -25 0 10 34]
[-1 -36 -16 -12 -21 -29]
[-6 2 10 35 -1 -1]
[-9 -6 9 30 -29 -33]

C: 

[-84 -71 -109 249 -56 819]
[-402 -919 158 -236 -1205 -180]
[-137 208 176 96 -760 786]
[-13 656 19 -432 507 -238]
[70 182 442 -99 -60 121]
[-102 10 -100 -80 397 -448]

 Shifting step: 3

A: 

[-11 2 7 -21 -14 10]
[-34 12 35 30 5 33]
[-26 -6 25 4 21 26]
[-11 16 36 -7 0 13]
[-17 17 3 -3 -34 -6]
[-1 -10 9 -14 14 2]

B: 

[-9 28 -1 -16 -32 18]
[2 20 -25 0 10 34]
[-1 -36 -16 -12 -21 -29]
[-6 2 10 35 -1 -1]
[-9 -6 9 30 -29 -33]
[-21 1 -5 27 -7 -9]

C: 

[15 -15 -116 585 392 999]
[-470 -679 -717 -236 -1155 942]
[-111 424 -224 48 -1201 32]
[53 688 379 -677 507 -251]
[223 80 469 -189 926 319]
[-81 0 -145 -458 299 -466]

 Shifting step: 4

A: 

[2 7 -21 -14 10 -11]
[12 35 30 5 33 -34]
[-6 25 4 21 26 -26]
[16 36 -7 0 13 -11]
[17 3 -3 -34 -6 -17]
[-10 9 -14 14 2 -1]

B: 

[2 20 -25 0 10 34]
[-1 -36 -16 -12 -21 -29]
[-6 2 10 35 -1 -1]
[-9 -6 9 30 -29 -33]
[-21 1 -5 27 -7 -9]
[-9 28 -1 -16 -32 18]

C: 

[19 125 409 585 492 625]
[-482 -1939 -1197 -296 -1848 1928]
[-75 474 -184 783 -1227 58]
[-91 472 316 -677 130 112]
[-134 83 484 -1107 968 472]
[9 252 -131 -682 235 -484]

 Shifting step: 5

A: 

[7 -21 -14 10 -11 2]
[35 30 5 33 -34 12]
[25 4 21 26 -26 -6]
[36 -7 0 13 -11 16]
[3 -3 -34 -6 -17 17]
[9 -14 14 2 -1 -10]

B: 

[-1 -36 -16 -12 -21 -29]
[-6 2 10 35 -1 -1]
[-9 -6 9 30 -29 -33]
[-21 1 -5 27 -7 -9]
[-9 28 -1 -16 -32 18]
[2 20 -25 0 10 34]

C: 

[12 881 633 465 723 567]
[-692 -1879 -1147 859 -1814 1916]
[-300 450 5 1563 -473 256]
[-847 465 316 -326 207 -32]
[-161 -1 518 -1011 1512 778]
[27 -28 -481 -682 225 -824]

 Shifting step: 6

A: 

[-21 -14 10 -11 2 7]
[30 5 33 -34 12 35]
[4 21 26 -26 -6 25]
[-7 0 13 -11 16 36]
[-3 -34 -6 -17 17 3]
[-14 14 2 -1 -10 9]

B: 

[-6 2 10 35 -1 -1]
[-9 -6 9 30 -29 -33]
[-21 1 -5 27 -7 -9]
[-9 28 -1 -16 -32 18]
[2 20 -25 0 10 34]
[-1 -36 -16 -12 -21 -29]

C: 

[138 853 733 80 721 560]
[-962 -1909 -850 -161 -2162 761]
[-384 471 -125 861 -431 31]
[-784 465 303 -150 -305 616]
[-167 -681 668 -1011 1682 880]
[41 -532 -513 -670 435 -1085]

Matrices A, B: 


: 

[-14 10 -11 2 7 -21]
[30 5 33 -34 12 35]
[25 4 21 26 -26 -6]
[16 36 -7 0 13 -11]
[-17 17 3 -3 -34 -6]
[2 -1 -10 9 -14 14]

: 

[-9 2 -16 0 -32 -9]
[-21 -6 10 -12 10 18]
[-9 1 9 35 -21 34]
[2 28 -5 30 -1 -29]
[-1 20 -1 27 -29 -1]
[-6 -36 -25 -16 -7 -33]

 Shifting step: 1

A: 

[-14 10 -11 2 7 -21]
[5 33 -34 12 35 30]
[21 26 -26 -6 25 4]
[0 13 -11 16 36 -7]
[-34 -6 -17 17 3 -3]
[14 2 -1 -10 9 -14]

B: 

[-9 -6 9 30 -29 -33]
[-21 1 -5 27 -7 -9]
[-9 28 -1 -16 -32 18]
[2 20 -25 0 10 34]
[-1 -36 -16 -12 -21 -29]
[-6 2 10 35 -1 -1]

C: 

[126 -60 -99 60 -203 693]
[-105 33 170 324 -245 -270]
[-189 728 26 96 -800 72]
[0 260 275 0 360 -238]
[34 216 272 -204 -63 87]
[-84 4 -10 -350 -9 14]

 Shifting step: 2

A: 

[10 -11 2 7 -21 -14]
[33 -34 12 35 30 5]
[26 -26 -6 25 4 21]
[13 -11 16 36 -7 0]
[-6 -17 17 3 -3 -34]
[2 -1 -10 9 -14 14]

B: 

[-21 1 -5 27 -7 -9]
[-9 28 -1 -16 -32 18]
[2 20 -25 0 10 34]
[-1 -36 -16 -12 -21 -29]
[-6 2 10 35 -1 -1]
[-9 -6 9 30 -29 -33]

C: 

[-294 -82 -119 438 91 945]
[-699 -1871 146 -796 -2165 -90]
[-85 -312 326 96 -720 1500]
[-26 1052 -237 -864 654 -238]
[106 148 612 6 -57 155]
[-120 16 -190 190 803 -910]

 Shifting step: 3

A: 

[-11 2 7 -21 -14 10]
[-34 12 35 30 5 33]
[-26 -6 25 4 21 26]
[-11 16 36 -7 0 13]
[-17 17 3 -3 -34 -6]
[-1 -10 9 -14 14 2]

B: 

[-9 28 -1 -16 -32 18]
[2 20 -25 0 10 34]
[-1 -36 -16 -12 -21 -29]
[-6 2 10 35 -1 -1]
[-9 -6 9 30 -29 -33]
[-21 1 -5 27 -7 -9]

C: 

[-96 30 -133 1110 987 1305]
[-835 -1391 -1604 -796 -2065 2154]
[-33 120 -474 0 -1602 -8]
[106 1116 483 -1354 654 -264]
[412 -56 666 -174 1915 551]
[-78 -4 -280 -566 607 -946]

 Shifting step: 4

A: 

[2 7 -21 -14 10 -11]
[12 35 30 5 33 -34]
[-6 25 4 21 26 -26]
[16 36 -7 0 13 -11]
[17 3 -3 -34 -6 -17]
[-10 9 -14 14 2 -1]

B: 

[2 20 -25 0 10 34]
[-1 -36 -16 -12 -21 -29]
[-6 2 10 35 -1 -1]
[-9 -6 9 30 -29 -33]
[-21 1 -5 27 -7 -9]
[-9 28 -1 -16 -32 18]

C: 

[-88 310 917 1110 1187 557]
[-859 -3911 -2564 -916 -3451 4126]
[39 220 -394 1470 -1654 44]
[-182 684 357 -1354 -100 462]
[-302 -50 696 -2010 1999 857]
[102 500 -252 -1014 479 -982]

 Shifting step: 5

A: 

[7 -21 -14 10 -11 2]
[35 30 5 33 -34 12]
[25 4 21 26 -26 -6]
[36 -7 0 13 -11 16]
[3 -3 -34 -6 -17 17]
[9 -14 14 2 -1 -10]

B: 

[-1 -36 -16 -12 -21 -29]
[-6 2 10 35 -1 -1]
[-9 -6 9 30 -29 -33]
[-21 1 -5 27 -7 -9]
[-9 28 -1 -16 -32 18]
[2 20 -25 0 10 34]

C: 

[-102 1822 1365 870 1649 441]
[-1279 -3791 -2464 1394 -3383 4102]
[-411 172 -16 3030 -146 440]
[-1694 670 357 -652 54 174]
[-356 -218 764 -1818 3087 1469]
[138 -60 -952 -1014 459 -1662]

 Shifting step: 6

A: 

[-21 -14 10 -11 2 7]
[30 5 33 -34 12 35]
[4 21 26 -26 -6 25]
[-7 0 13 -11 16 36]
[-3 -34 -6 -17 17 3]
[-14 14 2 -1 -10 9]

B: 

[-6 2 10 35 -1 -1]
[-9 -6 9 30 -29 -33]
[-21 1 -5 27 -7 -9]
[-9 28 -1 -16 -32 18]
[2 20 -25 0 10 34]
[-1 -36 -16 -12 -21 -29]

C: 

[150 1766 1565 100 1645 427]
[-1819 -3851 -1870 -646 -4079 1792]
[-579 214 -276 1626 -62 -10]
[-1568 670 331 -300 -970 1470]
[-368 -1578 1064 -1818 3427 1673]
[166 -1068 -1016 -990 879 -2184]

Matrices A, B: 


: 

[-14 10 -11 2 7 -21]
[30 5 33 -34 12 35]
[25 4 21 26 -26 -6]
[16 36 -7 0 13 -11]
[-17 17 3 -3 -34 -6]
[2 -1 -10 9 -14 14]

: 

[-9 2 -16 0 -32 -9]
[-21 -6 10 -12 10 18]
[-9 1 9 35 -21 34]
[2 28 -5 30 -1 -29]
[-1 20 -1 27 -29 -1]
[-6 -36 -25 -16 -7 -33]

 Shifting step: 1

A: 

[-14 10 -11 2 7 -21]
[5 33 -34 12 35 30]
[21 26 -26 -6 25 4]
[0 13 -11 16 36 -7]
[-34 -6 -17 17 3 -3]
[14 2 -1 -10 9 -14]

B: 

[-9 -6 9 30 -29 -33]
[-21 1 -5 27 -7 -9]
[-9 28 -1 -16 -32 18]
[2 20 -25 0 10 34]
[-1 -36 -16 -12 -21 -29]
[-6 2 10 35 -1 -1]

C: 

[126 -60 -99 60 -203 693]
[-105 33 170 324 -245 -270]
[-189 728 26 96 -800 72]
[0 260 275 0 360 -238]
[34 216 272 -204 -63 87]
[-84 4 -10 -350 -9 14]

 Shifting step: 2

A: 

[10 -11 2 7 -21 -14]
[33 -34 12 35 30 5]
[26 -26 -6 25 4 21]
[13 -11 16 36 -7 0]
[-6 -17 17 3 -3 -34]
[2 -1 -10 9 -14 14]

B: 

[-21 1 -5 27 -7 -9]
[-9 28 -1 -16 -32 18]
[2 20 -25 0 10 34]
[-1 -36 -16 -12 -21 -29]
[-6 2 10 35 -1 -1]
[-9 -6 9 30 -29 -33]

C: 

[-294 -82 -119 438 91 945]
[-699 -1871 146 -796 -2165 -90]
[-85 -312 326 96 -720 1500]
[-26 1052 -237 -864 654 -238]
[106 148 612 6 -57 155]
[-120 16 -190 190 803 -910]

 Shifting step: 3

A: 

[-11 2 7 -21 -14 10]
[-34 12 35 30 5 33]
[-26 -6 25 4 21 26]
[-11 16 36 -7 0 13]
[-17 17 3 -3 -34 -6]
[-1 -10 9 -14 14 2]

B: 

[-9 28 -1 -16 -32 18]
[2 20 -25 0 10 34]
[-1 -36 -16 -12 -21 -29]
[-6 2 10 35 -1 -1]
[-9 -6 9 30 -29 -33]
[-21 1 -5 27 -7 -9]

C: 

[-96 30 -133 1110 987 1305]
[-835 -1391 -1604 -796 -2065 2154]
[-33 120 -474 0 -1602 -8]
[106 1116 483 -1354 654 -264]
[412 -56 666 -174 1915 551]
[-78 -4 -280 -566 607 -946]

 Shifting step: 4

A: 

[2 7 -21 -14 10 -11]
[12 35 30 5 33 -34]
[-6 25 4 21 26 -26]
[16 36 -7 0 13 -11]
[17 3 -3 -34 -6 -17]
[-10 9 -14 14 2 -1]

B: 

[2 20 -25 0 10 34]
[-1 -36 -16 -12 -21 -29]
[-6 2 10 35 -1 -1]
[-9 -6 9 30 -29 -33]
[-21 1 -5 27 -7 -9]
[-9 28 -1 -16 -32 18]

C: 

[-88 310 917 1110 1187 557]
[-859 -3911 -2564 -916 -3451 4126]
[39 220 -394 1470 -1654 44]
[-182 684 357 -1354 -100 462]
[-302 -50 696 -2010 1999 857]
[102 500 -252 -1014 479 -982]

 Shifting step: 5

A: 

[7 -21 -14 10 -11 2]
[35 30 5 33 -34 12]
[25 4 21 26 -26 -6]
[36 -7 0 13 -11 16]
[3 -3 -34 -6 -17 17]
[9 -14 14 2 -1 -10]

B: 

[-1 -36 -16 -12 -21 -29]
[-6 2 10 35 -1 -1]
[-9 -6 9 30 -29 -33]
[-21 1 -5 27 -7 -9]
[-9 28 -1 -16 -32 18]
[2 20 -25 0 10 34]

C: 

[-102 1822 1365 870 1649 441]
[-1279 -3791 -2464 1394 -3383 4102]
[-411 172 -16 3030 -146 440]
[-1694 670 357 -652 54 174]
[-356 -218 764 -1818 3087 1469]
[138 -60 -952 -1014 459 -1662]

 Shifting step: 6

A: 

[-21 -14 10 -11 2 7]
[30 5 33 -34 12 35]
[4 21 26 -26 -6 25]
[-7 0 13 -11 16 36]
[-3 -34 -6 -17 17 3]
[-14 14 2 -1 -10 9]

B: 

[-6 2 10 35 -1 -1]
[-9 -6 9 30 -29 -33]
[-21 1 -5 27 -7 -9]
[-9 28 -1 -16 -32 18]
[2 20 -25 0 10 34]
[-1 -36 -16 -12 -21 -29]

C: 

[150 1766 1565 100 1645 427]
[-1819 -3851 -1870 -646 -4079 1792]
[-579 214 -276 1626 -62 -10]
[-1568 670 331 -300 -970 1470]
[-368 -1578 1064 -1818 3427 1673]
[166 -1068 -1016 -990 879 -2184]

Matrices A, B: 


: 

[-14 10 -11 2 7 -21]
[30 5 33 -34 12 35]
[25 4 21 26 -26 -6]
[16 36 -7 0 13 -11]
[-17 17 3 -3 -34 -6]
[2 -1 -10 9 -14 14]

: 

[-9 2 -16 0 -32 -9]
[-21 -6 10 -12 10 18]
[-9 1 9 35 -21 34]
[2 28 -5 30 -1 -29]
[-1 20 -1 27 -29 -1]
[-6 -36 -25 -16 -7 -33]

 Shifting step: 1

A: 

[-14 10 -11 2 7 -21]
[5 33 -34 12 35 30]
[21 26 -26 -6 25 4]
[0 13 -11 16 36 -7]
[-34 -6 -17 17 3 -3]
[14 2 -1 -10 9 -14]

B: 

[-9 -6 9 30 -29 -33]
[-21 1 -5 27 -7 -9]
[-9 28 -1 -16 -32 18]
[2 20 -25 0 10 34]
[-1 -36 -16 -12 -21 -29]
[-6 2 10 35 -1 -1]

C: 

[126 -60 -99 60 -203 693]
[-105 33 170 324 -245 -270]
[-189 728 26 96 -800 72]
[0 260 275 0 360 -238]
[34 216 272 -204 -63 87]
[-84 4 -10 -350 -9 14]

 Shifting step: 2

A: 

[10 -11 2 7 -21 -14]
[33 -34 12 35 30 5]
[26 -26 -6 25 4 21]
[13 -11 16 36 -7 0]
[-6 -17 17 3 -3 -34]
[2 -1 -10 9 -14 14]

B: 

[-21 1 -5 27 -7 -9]
[-9 28 -1 -16 -32 18]
[2 20 -25 0 10 34]
[-1 -36 -16 -12 -21 -29]
[-6 2 10 35 -1 -1]
[-9 -6 9 30 -29 -33]

C: 

[-84 -71 -109 249 -56 819]
[-402 -919 158 -236 -1205 -180]
[-137 208 176 96 -760 786]
[-13 656 19 -432 507 -238]
[70 182 442 -99 -60 121]
[-102 10 -100 -80 397 -448]

 Shifting step: 3

A: 

[-11 2 7 -21 -14 10]
[-34 12 35 30 5 33]
[-26 -6 25 4 21 26]
[-11 16 36 -7 0 13]
[-17 17 3 -3 -34 -6]
[-1 -10 9 -14 14 2]

B: 

[-9 28 -1 -16 -32 18]
[2 20 -25 0 10 34]
[-1 -36 -16 -12 -21 -29]
[-6 2 10 35 -1 -1]
[-9 -6 9 30 -29 -33]
[-21 1 -5 27 -7 -9]

C: 

[15 -15 -116 585 392 999]
[-470 -679 -717 -236 -1155 942]
[-111 424 -224 48 -1201 32]
[53 688 379 -677 507 -251]
[223 80 469 -189 926 319]
[-81 0 -145 -458 299 -466]

 Shifting step: 4

A: 

[2 7 -21 -14 10 -11]
[12 35 30 5 33 -34]
[-6 25 4 21 26 -26]
[16 36 -7 0 13 -11]
[17 3 -3 -34 -6 -17]
[-10 9 -14 14 2 -1]

B: 

[2 20 -25 0 10 34]
[-1 -36 -16 -12 -21 -29]
[-6 2 10 35 -1 -1]
[-9 -6 9 30 -29 -33]
[-21 1 -5 27 -7 -9]
[-9 28 -1 -16 -32 18]

C: 

[19 125 409 585 492 625]
[-482 -1939 -1197 -296 -1848 1928]
[-75 474 -184 783 -1227 58]
[-91 472 316 -677 130 112]
[-134 83 484 -1107 968 472]
[9 252 -131 -682 235 -484]

 Shifting step: 5

A: 

[7 -21 -14 10 -11 2]
[35 30 5 33 -34 12]
[25 4 21 26 -26 -6]
[36 -7 0 13 -11 16]
[3 -3 -34 -6 -17 17]
[9 -14 14 2 -1 -10]

B: 

[-1 -36 -16 -12 -21 -29]
[-6 2 10 35 -1 -1]
[-9 -6 9 30 -29 -33]
[-21 1 -5 27 -7 -9]
[-9 28 -1 -16 -32 18]
[2 20 -25 0 10 34]

C: 

[12 881 633 465 723 567]
[-692 -1879 -1147 859 -1814 1916]
[-300 450 5 1563 -473 256]
[-847 465 316 -326 207 -32]
[-161 -1 518 -1011 1512 778]
[27 -28 -481 -682 225 -824]

 Shifting step: 6

A: 

[-21 -14 10 -11 2 7]
[30 5 33 -34 12 35]
[4 21 26 -26 -6 25]
[-7 0 13 -11 16 36]
[-3 -34 -6 -17 17 3]
[-14 14 2 -1 -10 9]

B: 

[-6 2 10 35 -1 -1]
[-9 -6 9 30 -29 -33]
[-21 1 -5 27 -7 -9]
[-9 28 -1 -16 -32 18]
[2 20 -25 0 10 34]
[-1 -36 -16 -12 -21 -29]

C: 

[138 853 733 80 721 560]
[-962 -1909 -850 -161 -2162 761]
[-384 471 -125 861 -431 31]
[-784 465 303 -150 -305 616]
[-167 -681 668 -1011 1682 880]
[41 -532 -513 -670 435 -1085]
