Shifting step 1 
A: [[15, -11, -12, 12], [-2, 15, -15, -15], [-12, -6, 12, 14], [-13, -1, -8, 16]]
B: [[0, -7, -16, 3], [-3, 10, 9, 9], [10, -3, 14, -4], [-13, 15, -12, 15]]
Shifting step:2
A:2: [[-11, -12, 12, 15], [15, -15, -15, -2], [-6, 12, 14, -12], [-1, -8, 16, -13]]
B:2: [[-3, 10, 9, 9], [10, -3, 14, -4], [-13, 15, -12, 15], [0, -7, -16, 3]]
C:2: [[33, -43, 300, 171], [156, 195, -345, -127], [-42, 198, 0, -236], [169, 41, -160, 201]]
Shifting step:3
A:3: [[-12, 12, 15, -11], [-15, -15, -2, 15], [12, 14, -12, -6], [-8, 16, -13, -1]]
B:3: [[10, -3, 14, -4], [-13, 15, -12, 15], [0, -7, -16, 3], [-3, 10, 9, 9]]
C:3: [[-87, -79, 510, 215], [351, -30, -321, 98], [-42, 100, 192, -254], [193, 201, -277, 192]]
Shifting step:4
A:4: [[12, 15, -11, -12], [-15, -2, 15, -15], [14, -12, -6, 12], [16, -13, -1, -8]]
B:4: [[-13, 15, -12, 15], [0, -7, -16, 3], [-3, 10, 9, 9], [10, -3, 14, -4]]
C:4: [[-243, 146, 642, 35], [351, -16, -561, 53], [-84, -20, 138, -146], [353, 240, -291, 224]]
